wkr00 123 null null 1111 999999 0 0 0 0
wkr01 123 null null 1112 999999 0 0 0 0
wkr02 123 null null 1113 999999 0 0 0 0
wkr03 123 null null 1114 999999 0 0 0 0
wkr04 123 null null 1115 999999 0 0 0 0
wkr05 123 null null 1116 999999 0 0 0 0
wkr06 123 null null 1117 999999 0 0 0 0
wkr07 123 null null 1118 999999 0 0 0 0
wkr08 123 null null 1119 999999 0 0 0 0
wkr09 123 null null 1110 999999 0 0 0 0
wkr10 123 null null 1121 999999 0 0 0 0
wkr11 123 null null 1122 999999 0 0 0 0
wkr12 123 null null 1123 999999 0 0 0 0
wkr13 123 null null 1124 999999 0 0 0 0
wkr14 123 null null 1125 999999 0 0 0 0
wkr15 123 null null 1126 999999 0 0 0 0
wkr16 123 null null 1127 999999 0 0 0 0
wkr17 123 null null 1128 999999 0 0 0 0
wkr18 123 null null 1129 999999 0 0 0 0
wkr19 123 null null 1120 999999 0 0 0 0
wkr20 123 null null 1131 999999 0 0 0 0
wkr21 123 null null 1132 999999 0 0 0 0
wkr22 123 null null 1133 999999 0 0 0 0
wkr23 123 null null 1134 999999 0 0 0 0
wkr24 123 null null 1135 999999 0 0 0 0
wkr25 123 null null 1136 999999 0 0 0 0
wkr26 123 null null 1137 999999 0 0 0 0
wkr27 123 null null 1138 999999 0 0 0 0
wkr28 123 null null 1139 999999 0 0 0 0
wkr29 123 null null 1130 999999 0 0 0 0